1: 2 3 4 5 6 11 37 46 76 90 50 10 70 25 20 20 6 17 94 78 20 38 32 82 17 68 65 101 
2: 1 7 13 17 23 30 65 29 46 40 59 14 6 11 26 
3: 1 44 64 66 25 100 49 39 
4: 1 36 59 79 46 51 71 32 61 42 87 29 27 32 2 
5: 2 8 9 87 44 18 32 47 
6: 4 18 57 7 4 41 65 25 14 5 43 60 88 100 65 
7: 1 10 14 16 28 35 38 81 57 88 74 37 37 26 65 35 63 35 
8: 5 19 8 98 5 90 51 94 5 21 
9: 4 74 37 2 73 63 86 
10: 4 12 15 12 25 64 18 64 99 98 17 
11: 9 63 86 97 5 3 71 90 3 7 24 27 48 88 85 96 
12: 3 8 40 1 7 85 15 90 52 5 75 26 98 2 
13: 7 22 26 31 32 33 5 16 14 59 101 39 60 50 67 
14: 11 20 27 11 69 37 55 50 12 37 28 7 37 90 
15: 13 41 71 87 80 28 99 21 
16: 2 21 24 16 91 62 
17: 1 53 2 71 53 18 76 15 64 52 17 81 
18: 15 34 56 83 20 67 23 93 97 46 14 14 71 
19: 2 40 58 2 29 34 31 17 34 80 90 
20: 17 25 29 39 82 68 57 100 48 39 27 84 61 
21: 16 67 74 26 40 
22: 2 45 3 91 97 39 3 35 5 
23: 12 100 38 38 97 14 30 67 10 32 62 90 
24: 15 93 26 25 53 15 85 29 65 48 62 22 56 
25: 13 51 76 98 23 32 80 85 81 25 46 43 2 
26: 21 49 24 99 
27: 2 20 29 31 56 49 72 6 
28: 2 44 47 94 5 38 13 81 4 78 
29: 23 77 98 50 20 83 79 94 37 97 
30: 26 75 23 34 39 54 65 78 50 2 67 44 65 2 26 
31: 9 48 85 99 81 94 57 17 62 29 4 8 7 3 
32: 20 92 89 32 32 52 74 99 
33: 23 55 90 57 98 6 
34: 14 2 80 99 19 34 55 
35: 32 42 29 2 24 19 55 
36: 16 50 52 82 19 5 12 21 14 2 28 94 17 63 80 4 
37: 3 72 2 85 11 5 3 42 22 
38: 12 43 21 8 19 80 26 91 16 93 83 16 39 17 3 99 4 27 
39: 16 64 24 54 12 10 37 74 25 
40: 35 94 85 52 48 22 67 9 
41: 22 88 70 2 10 56 94 
42: 37 8 61 17 74 
43: 1 54 94 28 74 85 33 49 59 89 8 13 96 69 
44: 1 62 79 88 67 4 
45: 8 70 70 14 2 17 5 71 94 9 59 49 56 62 87 
46: 40 50 37 37 3 19 
47: 12 49 46 32 34 8 76 19 61 62 89 31 
48: 43 68 2 9 3 44 17 39 82 
49: 26 76 6 46 78 81 76 24 64 62 
50: 24 80 15 75 61 53 64 
51: 13 5 65 67 32 40 14 80 50 60 28 65 23 44 32 
52: 39 60 25 39 47 93 5 73 51 
53: 23 12 96 81 21 15 26 
54: 49 20 86 56 2 89 23 63 2 13 
55: 26 61 91 32 47 23 41 64 96 25 11 
56: 11 91 15 31 19 3 2 34 85 
57: 15 84 25 97 46 25 8 9 92 
58: 39 88 32 20 8 90 91 65 39 
59: 28 71 52 55 78 17 3 89 12 67 67 69 30 2 58 
60: 47 86 50 28 70 76 14 26 49 4 20 93 4 
61: 46 71 83 63 70 86 95 76 49 97 94 63 
62: 46 51 21 52 5 46 4 39 
63: 32 66 5 32 25 15 25 
64: 59 101 57 14 46 72 28 13 68 30 34 65 69 65 37 12 42 61 
65: 11 32 93 8 94 39 87 
66: 2 69 36 12 12 25 39 44 75 89 46 2 30 91 11 19 17 20 21 
67: 34 29 32 32 
68: 16 14 14 54 84 85 56 97 
69: 45 73 16 47 15 39 58 38 90 
70: 45 49 55 64 61 101 44 69 87 18 
71: 15 21 16 29 68 29 3 25 
72: 61 15 3 6 90 23 94 14 67 
73: 27 83 51 15 82 78 91 31 
74: 29 81 69 36 40 3 46 25 19 7 
75: 46 78 43 95 90 45 2 76 
76: 12 88 11 11 41 12 
77: 73 95 25 44 8 65 42 16 71 91 
78: 74 38 20 2 26 46 32 
79: 47 24 37 18 5 58 1 67 53 67 32 
80: 35 19 100 26 18 97 52 23 65 48 78 31 
81: 21 17 82 72 8 90 66 67 65 89 
82: 5 10 8 101 2 32 7 4 
83: 67 96 25 24 17 14 52 20 
84: 57 75 95 33 20 37 48 12 51 7 18 31 
85: 40 89 11 56 18 61 25 35 62 
86: 21 29 63 49 14 59 
87: 65 10 29 39 100 51 49 4 53 39 3 99 10 37 
88: 13 8 6 8 46 63 53 9 77 
89: 16 6 41 39 65 80 48 8 3 95 30 6 
90: 50 98 99 48 44 68 34 6 40 7 
91: 37 41 80 23 10 2 14 
92: 22 70 50 28 25 10 11 62 12 96 
93: 10 20 19 24 49 46 44 44 74 4 53 79 33 
94: 21 35 94 2 2 92 
95: 7 14 69 30 89 25 25 40 84 28 67 2 83 9 32 
96: 79 52 18 12 8 98 47 80 39 90 
97: 24 14 94 39 71 8 62 17 18 84 94 46 16 
98: 88 79 43 74 5 32 88 74 
99: 49 94 12 34 78 71 
100: 54 44 14 48 3 50 25 23 101 
101: 49 4 44 2 86 96 66 3 13 91 97 