1: (2,12) (3,11) (4,10) (25,12) (3,11) (71,15) (69,9) (32,4) 
2: (1,8) (5,5) (7,10) (21,13) (50,10) (11,8) (15,10) (40,9) (50,10) (75,13) (11,8) (45,7) 
3: (1,7) (9,14) (6,10) (42,12) (32,8) (73,10) (25,10) (22,5) 
4: (1,8) (6,10) (23,4) (62,13) (93,9) (96,15) (21,13) (23,4) (37,8) (26,11) (42,6) (26,11) 
5: (2,9) (8,6) (10,10) (33,11) (57,10) (101,12) (62,12) (26,11) (73,12) (5,10) (54,15) (15,13) (4,11) (17,17) 
6: (1,13) (20,9) (44,12) (2,6) (10,7) (15,9) (27,8) 
7: (4,10) (18,6) (39,13) (61,8) (26,10) (94,12) (80,7) 
8: (4,12) (11,10) (12,6) (66,16) (46,8) (25,11) (8,17) (32,9) (66,16) 
9: (4,8) (13,15) (26,12) (43,8) (64,11) (68,11) (85,13) (100,8) (8,7) (51,10) (31,11) (37,10) (32,10) (98,10) (61,4) (28,9) (42,10) (26,12) (9,14) 
10: (8,12) (14,13) (28,11) (78,9) (17,15) (91,14) (17,15) (26,14) (75,10) (101,14) (6,16) 
11: (9,12) (16,13) (38,9) (65,9) (91,11) (70,8) (54,19) (30,15) (9,12) (23,9) (78,13) (76,10) (46,8) 
12: (5,4) (15,9) (65,10) (3,13) (32,14) (65,10) (42,7) (33,6) (16,12) 
13: (9,12) (27,13) (59,13) (61,12) (74,12) (26,12) (56,10) (22,8) 
14: (4,8) (17,10) (24,9) (47,10) (76,6) (97,10) (11,9) (57,7) (62,10) (101,17) (89,6) (18,13) (60,15) 
15: (7,3) (37,10) (6,11) (63,11) (92,17) (86,6) 
16: (1,7) (19,7) (32,12) (75,13) (15,9) (98,12) (71,11) (79,12) (27,9) 
17: (9,8) (30,12) (40,9) (58,9) (60,12) (99,12) (61,7) (40,9) (2,16) (9,8) (32,14) (19,7) (52,10) (64,7) 
18: (4,11) (22,12) (35,8) (81,11) (2,10) (2,10) (37,6) (100,13) (27,12) (65,12) (14,11) (53,5) (12,15) 
19: (17,9) (21,15) (44,13) (46,9) (15,9) 
20: (8,16) (64,15) (52,15) (6,11) (75,14) (89,12) (37,12) (71,8) (21,12) 
21: (14,11) (42,11) (5,12) (19,16) (14,11) (79,10) (77,11) (52,13) (60,13) 
22: (4,10) (31,12) (12,17) (19,7) (25,12) (3,11) (99,13) (3,11) 
23: (12,8) (62,12) (6,11) (70,6) (17,4) (10,10) (5,15) (49,10) (5,15) (21,14) 
24: (1,10) (34,9) (49,5) (4,7) (42,5) 
25: (13,12) (29,13) (46,12) (73,12) (79,16) (89,11) (68,6) (62,13) (93,8) (35,9) (91,8) 
26: (12,11) (35,10) (48,12) (42,12) (59,8) (2,5) 
27: (10,11) (34,9) (86,8) (102,10) (62,15) (40,12) (98,9) 
28: (17,9) (87,15) (49,15) (100,10) (10,12) (20,14) (16,11) (8,12) (19,10) 
29: (24,4) (67,8) (60,10) (17,7) (96,13) (37,11) 
30: (2,12) (36,11) (22,10) (42,5) (24,12) (37,6) (75,7) (25,11) (10,13) (102,8) 
31: (15,14) (77,10) (75,8) (92,16) (23,8) (69,5) (21,11) (99,11) 
32: (18,12) (63,14) (82,16) (36,11) (88,6) (31,13) (94,11) (21,10) (26,9) (84,11) (13,13) (63,14) 
33: (24,17) (95,7) (26,7) (85,10) (5,10) 
34: (13,13) (77,11) (98,14) (45,13) (37,17) (38,10) (94,7) (93,11) (28,9) (65,10) (50,9) 
35: (16,7) (43,11) (3,10) (60,13) (37,8) (39,8) (12,10) 
36: (31,9) (45,10) (52,10) (54,14) (100,12) (46,10) (12,10) (69,13) (69,13) (11,9) (37,8) 
37: (27,15) (6,8) (41,9) (56,12) (71,9) (79,10) (19,15) (84,13) (32,8) 
38: (21,12) (82,7) (75,11) (63,10) 
39: (8,12) (41,10) (51,11) (76,9) (35,8) (27,10) (99,14) (26,7) (49,7) (10,7) (33,11) (93,4) 
40: (17,15) (32,9) (68,9) (19,12) (2,12) 
41: (13,9) (55,17) (71,13) (86,11) (89,12) (6,5) (21,9) (15,8) (54,8) (82,10) (33,8) 
42: (35,12) (100,11) (58,12) (2,10) (31,12) (41,15) (18,4) 
43: (4,13) (69,14) (10,10) (24,10) (42,5) 
44: (33,13) (91,12) (11,9) (87,13) (63,14) (96,12) (102,9) (50,15) (22,6) 
45: (17,16) (80,13) (96,8) (66,12) (84,7) (13,7) (89,8) (77,8) 
46: (25,10) (48,13) (82,5) (48,13) (50,9) (28,10) (59,9) 
47: (33,4) (48,5) (14,12) (10,12) (65,10) (13,10) (12,9) (98,15) (92,11) 
48: (20,13) (92,12) (10,10) (58,11) (97,10) (38,8) (67,10) 
49: (21,12) (12,15) (28,7) (37,11) (9,15) (24,18) (51,15) (37,11) (47,12) (77,12) 
50: (44,9) (53,11) (72,12) (91,9) (31,6) (63,7) (73,11) 
51: (44,9) (56,16) (90,15) (40,12) (76,14) (63,13) (32,8) (79,10) (66,8) 
52: (23,8) (88,11) (77,10) (10,6) 
53: (37,10) (91,7) (96,12) (83,15) (62,11) (84,11) (15,7) (37,10) (78,9) 
54: (5,7) (50,7) (14,11) (14,11) (7,9) 
55: (30,14) (96,15) (17,8) (54,9) (3,11) (43,9) (87,8) 
56: (40,4) (83,11) (85,10) (97,9) (18,8) (11,13) 
57: (38,9) (70,10) (70,10) (37,8) (14,13) 
58: (31,8) (8,16) (5,14) (42,13) (71,7) (61,12) 
59: (57,7) (88,11) (13,9) (4,17) (10,13) (5,10) (15,13) 
60: (31,13) (10,12) (38,11) (6,6) (31,13) 
61: (38,8) (42,12) (14,3) (99,8) (60,9) (9,17) (19,15) (18,8) (70,12) (69,15) (3,15) (7,8) (52,10) 
62: (37,9) (82,16) (73,5) (98,11) (65,8) (76,12) 
63: (7,12) (97,9) (45,5) (6,5) (72,13) (73,8) 
64: (13,7) (87,9) (14,8) (62,3) (42,14) (29,12) (13,7) (77,10) (21,6) (54,8) 
65: (27,11) (84,6) (52,9) (82,11) (62,10) (19,11) (50,11) 
66: (41,8) (6,10) (8,13) (40,3) (98,13) (22,12) (100,8) 
67: (16,11) (37,9) (6,12) (9,11) (60,8) (75,8) (83,13) (11,8) (64,11) (77,19) (49,13) (54,8) 
68: (44,12) (102,9) (38,9) (40,9) (10,17) (52,7) 
69: (17,9) (5,12) (100,17) (23,15) (68,8) (26,14) (89,10) 
70: (4,10) (35,10) (54,11) (83,8) (3,10) (22,7) 
71: (35,7) (24,10) (21,8) (2,9) (35,7) (43,15) (65,12) 
72: (57,14) (15,11) (11,12) (50,12) (62,12) (59,7) (45,12) 
73: (3,14) (101,9) (102,13) (23,6) (24,14) (54,11) 
74: (9,6) (48,7) (46,13) (11,9) (48,7) (39,7) (75,8) (2,10) (70,10) (18,11) (54,11) 
75: (18,3) (95,8) (99,6) (40,11) 
76: (23,18) (54,14) (97,12) (40,7) (14,7) (23,18) (42,7) (61,11) (4,9) (38,12) 
77: (55,11) (29,12) (8,6) (79,10) 
78: (44,10) (37,12) (56,10) (3,7) (41,6) (12,14) (28,11) (13,8) (67,11) 
79: (2,15) (99,6) 
80: (30,5) (52,12) (31,12) (43,14) (26,14) 
81: (62,17) (11,12) (30,11) (25,14) (71,12) 
82: (55,12) (72,8) (47,10) (79,17) (22,12) 
83: (74,12) (36,8) (27,11) (52,15) (26,13) (47,6) (30,13) (45,9) 
84: (3,11) (58,15) (51,10) (87,10) (4,3) (37,11) (26,14) (63,11) 
85: (44,12) (42,10) (15,4) (78,15) (40,11) (69,4) (32,14) 
86: (13,17) (53,10) (29,15) (101,7) (48,10) (63,8) (98,8) (60,12) 
87: (25,11) (74,12) (7,10) (5,10) (47,11) (43,11) 
88: (44,13) (4,11) (11,10) (12,15) (83,9) (21,9) 
89: (74,14) (83,14) (51,10) (97,10) (101,14) (83,14) (7,8) (31,12) 
90: (36,12) (1,12) (44,10) (12,10) (36,12) (10,12) 
91: (36,14) (94,14) (44,10) (60,9) (91,13) (19,7) (39,11) (11,9) 
92: (76,8) (58,6) (26,11) (46,11) (70,11) (5,5) (45,12) (87,6) (93,7) (25,10) (29,8) (43,13) 
93: (52,10) (88,12) (67,9) (10,10) (59,15) (29,13) (56,10) 
94: (21,9) (95,9) (20,8) 
95: (4,9) (63,11) (2,4) (8,8) (70,8) (5,15) (61,11) 
96: (94,7) (19,11) (37,16) (50,6) (79,7) (15,15) (41,10) (86,9) (14,13) 
97: (62,10) (48,10) (14,7) (14,7) (30,8) (72,19) 
98: (67,12) (88,11) (19,8) (3,12) (5,14) (31,10) (68,13) (31,10) (52,10) (39,9) (13,15) (61,11) 
99: (46,12) (10,10) (23,14) (46,12) (11,10) (18,14) 
100: (93,9) (21,9) (54,14) (101,10) (71,8) (29,15) (47,14) (46,11) 
101: (73,14) (4,6) (18,6) (48,9) (13,10) (97,14) (30,2) 
102: (63,4) (74,7) (18,14) (10,11) (7,7) (30,10) 