1: 2 3 12 17 35 119 236 299 43 30 289 70 279 329 337 14 320 259 278 96 353 282 7 48 137 128 251 124 44 97 107 
2: 1 4 5 294 184 240 226 294 18 124 200 158 33 248 95 230 97 84 238 33 218 277 103 189 319 171 231 83 307 
3: 1 8 10 14 115 155 131 329 318 118 262 316 93 130 233 51 286 23 177 103 245 128 39 181 54 263 131 100 204 261 109 177 65 8 81 8 
4: 2 6 9 19 25 28 116 148 221 299 5 98 36 30 17 38 299 144 63 179 151 200 132 43 52 35 12 226 335 103 
5: 3 7 13 16 36 153 353 138 36 15 236 64 265 205 170 33 50 93 335 54 142 203 18 95 131 301 186 185 273 200 67 166 
6: 2 11 48 127 192 313 116 115 263 90 216 69 26 4 313 19 51 123 50 233 335 223 163 89 301 108 218 143 179 91 
7: 2 128 185 218 272 34 72 233 180 149 212 291 345 112 59 247 346 28 218 194 111 181 41 117 
8: 6 15 62 74 88 197 309 89 8 260 8 184 219 52 176 31 58 158 237 224 45 73 6 332 8 289 177 148 99 161 
9: 5 26 46 70 262 346 129 117 223 178 98 115 236 231 164 328 82 183 261 49 170 33 132 7 75 
10: 2 20 24 27 309 106 209 8 328 305 103 286 201 226 274 118 210 179 121 347 277 
11: 4 18 34 3 193 47 65 73 250 344 124 129 241 97 28 71 99 315 278 264 4 252 96 
12: 8 33 143 227 259 123 31 4 130 149 168 71 105 18 83 43 85 89 314 111 264 167 98 203 3 161 80 
13: 11 68 94 135 65 51 17 350 301 12 294 112 229 289 
14: 8 23 296 51 100 100 14 137 238 257 256 155 44 184 107 82 189 95 350 173 241 
15: 1 58 107 311 293 17 239 349 99 206 67 126 242 52 292 146 114 305 47 208 261 
16: 14 141 21 339 72 168 318 151 262 12 111 63 70 290 180 342 269 322 210 94 99 296 11 279 292 
17: 11 31 83 84 102 280 347 63 42 161 260 210 261 264 301 88 311 232 130 281 309 303 254 66 39 295 193 
18: 6 22 37 44 86 255 129 59 100 213 7 155 43 342 185 4 142 188 216 196 282 87 158 348 57 173 
19: 7 21 137 278 76 349 99 307 350 228 339 150 236 186 251 143 57 113 121 
20: 1 135 110 282 72 68 141 341 131 36 24 277 125 334 162 55 131 
21: 7 29 47 131 191 27 242 286 278 317 180 136 92 238 268 299 193 84 71 292 104 201 104 190 212 251 57 131 51 311 41 
22: 3 52 254 172 28 98 38 5 317 123 122 109 171 243 210 43 204 88 9 59 177 328 10 183 310 
23: 12 32 53 115 332 125 38 129 251 106 301 262 154 323 344 149 148 289 236 222 271 281 60 100 131 317 
24: 2 41 60 112 296 7 245 284 94 329 165 194 342 242 25 7 286 265 111 297 223 158 29 4 143 192 239 182 210 15 
25: 23 39 149 242 42 146 258 318 291 190 104 109 348 261 122 331 255 268 15 323 113 24 210 48 
26: 1 40 123 238 339 200 136 6 88 37 307 6 2 101 198 4 325 128 136 296 80 
27: 5 133 173 231 261 119 295 93 39 234 17 164 178 10 105 40 72 348 266 171 329 228 45 267 172 
28: 6 30 38 98 49 297 305 111 144 176 74 97 131 111 93 147 229 
29: 5 54 92 225 66 209 165 166 196 255 102 229 263 216 320 257 4 209 288 107 188 161 168 278 215 
30: 18 79 304 318 51 281 201 324 84 208 263 336 353 86 36 238 53 104 61 112 82 291 211 
31: 17 89 170 322 129 342 231 31 84 77 148 88 131 34 146 151 139 25 71 
32: 29 45 156 169 333 281 134 60 158 346 339 258 244 146 119 165 33 50 299 234 119 324 317 109 202 66 
33: 8 43 121 269 124 100 32 223 107 98 4 19 236 125 3 44 227 5 321 149 349 72 174 292 235 300 257 120 278 96 
34: 18 51 73 329 184 329 35 342 151 194 190 245 350 84 108 8 49 186 18 305 337 218 296 22 
35: 2 267 280 10 7 336 155 89 207 75 14 190 286 290 167 185 46 118 353 219 230 71 306 278 
36: 18 63 266 125 33 279 65 140 324 33 305 135 196 306 191 267 
37: 23 177 202 173 140 221 168 124 43 10 314 309 351 131 4 54 229 79 84 223 41 159 290 332 188 307 
38: 36 57 72 348 7 124 99 325 24 245 348 88 207 273 48 238 241 206 5 348 86 246 204 
39: 15 42 78 82 54 256 9 349 149 290 83 38 165 212 158 189 324 334 205 94 97 30 181 275 72 49 
40: 10 65 117 264 309 141 91 310 97 50 269 160 183 265 244 314 53 292 130 257 95 335 154 253 236 152 338 
41: 37 50 64 284 147 114 185 106 312 195 276 242 20 229 306 270 222 177 335 23 283 
42: 2 247 15 133 151 134 40 34 240 236 34 299 133 204 159 226 242 122 53 294 137 131 304 84 
43: 24 49 144 300 272 162 4 130 63 18 133 4 315 4 20 229 155 103 33 11 329 191 99 208 100 18 330 10 300 183 160 
44: 32 287 331 151 133 208 77 48 40 6 75 4 68 306 40 270 70 335 330 25 
45: 39 56 175 258 322 103 22 312 90 320 237 38 312 209 137 27 
46: 15 71 199 101 71 131 92 95 321 286 94 140 328 23 114 114 348 6 151 238 172 
47: 7 55 263 287 95 246 190 85 163 114 119 7 150 22 238 220 70 113 242 227 186 
48: 22 97 235 270 342 108 51 45 325 13 351 259 112 45 20 191 189 262 244 200 198 56 
49: 39 66 171 182 304 195 350 117 29 272 197 126 296 57 18 134 329 260 144 315 66 34 50 144 313 17 
50: 34 67 164 157 145 227 39 215 265 192 33 348 64 49 150 309 153 149 70 94 266 124 80 278 
51: 10 59 61 101 111 328 37 100 27 56 279 199 223 12 17 92 23 45 16 48 70 
52: 31 75 142 273 83 212 157 322 92 197 252 256 294 115 67 277 
53: 37 77 353 65 85 99 249 202 29 257 79 64 41 100 156 341 92 186 168 176 121 131 108 70 
54: 30 120 129 160 6 123 267 220 92 192 28 16 287 341 127 245 107 130 134 218 51 242 47 200 29 18 338 
55: 1 165 266 111 47 18 92 40 67 46 163 162 139 212 350 23 
56: 41 81 109 146 40 88 282 302 222 119 64 352 253 125 126 10 119 
57: 32 69 183 29 292 274 231 239 248 295 156 301 257 105 329 163 
58: 46 145 135 45 65 35 223 174 243 314 33 137 6 74 70 98 45 348 62 211 32 116 263 299 155 315 277 
59: 37 90 180 205 38 186 176 265 42 322 106 81 55 13 260 13 120 54 345 249 87 134 100 342 120 186 316 330 238 334 255 266 238 237 67 240 
60: 43 147 345 258 111 17 312 6 16 39 3 220 55 108 115 114 192 323 244 2 16 
61: 42 104 279 325 87 37 104 211 334 94 210 200 69 207 119 74 285 36 257 278 170 308 124 11 
62: 38 96 118 222 269 43 313 340 348 84 236 211 7 8 167 278 176 265 2 52 
63: 41 19 72 313 16 66 75 20 124 75 315 191 249 323 292 271 211 141 313 258 198 217 
64: 33 174 246 22 229 320 84 88 52 321 246 289 222 280 322 174 113 32 140 173 40 79 
65: 4 260 275 88 106 94 179 44 293 13 55 92 237 284 180 281 291 151 82 221 78 114 324 204 4 104 4 
66: 8 87 42 84 42 77 80 151 35 158 12 336 177 6 101 55 215 228 103 231 248 260 168 321 
67: 40 91 159 239 130 303 90 131 94 239 101 76 91 178 104 201 206 169 198 89 205 10 25 131 4 43 240 30 173 119 
68: 17 146 49 290 126 297 169 39 106 194 43 82 335 73 68 299 165 245 274 26 
69: 8 76 106 157 158 111 350 35 351 89 109 35 272 44 90 106 227 196 266 209 235 150 160 229 187 345 81 34 
70: 11 80 227 156 73 278 56 289 263 131 161 95 35 183 114 177 220 200 116 88 335 
71: 46 168 237 68 10 271 177 170 41 199 30 82 339 35 191 34 104 101 305 297 
72: 39 226 73 87 200 108 220 223 59 187 249 261 232 
73: 39 80 310 196 60 177 238 87 68 121 334 335 246 313 3 269 254 52 222 
74: 50 338 161 342 216 88 28 342 315 118 107 120 168 209 326 92 148 275 349 134 64 41 205 289 87 100 266 307 176 
75: 30 18 167 244 73 13 233 78 88 228 154 115 46 192 212 
76: 42 184 212 107 6 107 76 77 314 235 178 83 334 253 241 92 186 21 324 267 280 335 344 318 70 
77: 30 105 108 208 89 78 209 267 8 123 6 288 338 292 115 1 184 94 226 
78: 12 26 212 108 333 275 229 214 6 75 19 245 114 349 111 308 316 179 15 307 13 188 263 133 
79: 37 67 72 335 110 2 128 165 60 83 324 244 98 186 309 352 192 298 303 159 44 6 6 145 99 332 101 289 271 198 163 
80: 69 99 70 8 95 301 101 267 223 35 297 255 59 68 54 185 309 65 35 207 
81: 56 253 199 294 223 71 84 170 179 9 309 206 150 165 131 310 270 214 324 117 94 87 
82: 37 138 232 262 88 113 198 306 213 136 36 201 329 328 344 325 33 
83: 75 85 110 126 176 224 58 93 302 350 65 202 8 210 59 32 159 152 349 25 251 337 223 233 330 7 236 166 349 230 225 
84: 14 89 228 328 90 82 291 347 150 193 323 313 114 158 315 66 214 27 18 111 200 60 
85: 61 103 191 336 173 61 183 127 243 259 181 322 268 326 26 49 167 345 109 
86: 82 113 25 245 200 9 141 79 30 251 134 135 326 242 7 292 347 260 160 161 239 268 
87: 61 144 189 4 233 229 272 22 191 258 79 317 109 274 141 176 100 299 141 287 210 34 213 26 135 
88: 36 150 115 110 4 101 129 117 241 70 191 303 97 147 134 
89: 58 95 277 305 119 81 36 131 92 40 38 220 311 9 343 99 32 3 171 13 112 187 57 232 70 85 10 309 262 80 91 345 186 
90: 32 186 14 247 27 282 229 192 58 64 160 113 266 346 40 338 90 106 66 272 139 217 122 273 
91: 79 93 286 19 30 132 99 293 206 6 299 193 150 13 342 69 311 190 91 278 232 52 179 92 244 328 346 65 222 118 26 33 237 
92: 10 228 285 109 322 135 71 204 71 66 264 300 271 13 171 41 149 35 274 329 214 94 
93: 67 240 166 14 204 68 90 61 35 240 68 349 246 179 50 329 182 236 337 276 234 282 
94: 11 321 214 292 66 350 25 94 170 293 151 88 72 285 28 278 132 157 11 153 30 10 281 323 232 25 82 298 
95: 67 93 304 233 184 34 205 201 226 17 237 15 36 225 77 31 35 59 
96: 94 306 200 279 54 34 152 172 350 118 227 329 43 197 231 203 322 50 243 
97: 24 125 349 190 3 161 202 344 88 106 140 68 172 34 211 195 84 171 342 196 
98: 63 100 324 326 87 8 227 16 354 252 282 136 77 243 296 15 21 274 300 205 330 314 230 240 59 230 
99: 62 117 151 46 103 8 324 328 6 7 287 116 313 163 131 79 59 56 10 59 135 211 
100: 45 190 134 92 19 94 79 166 329 278 196 191 118 176 284 126 249 94 199 40 155 33 
101: 50 303 178 46 11 223 107 294 91 246 312 153 240 91 52 61 98 109 171 4 345 145 104 27 
102: 3 179 200 214 279 325 166 27 177 83 292 30 50 141 20 25 320 99 274 202 50 332 65 84 117 338 
103: 69 139 256 347 9 155 105 40 98 318 131 41 303 275 71 307 148 4 308 48 193 129 186 73 52 342 324 
104: 77 240 62 90 255 237 346 40 324 65 327 86 8 157 229 237 305 78 122 3 99 41 227 
105: 74 124 195 204 344 130 72 255 281 302 272 51 19 185 91 161 223 56 311 243 311 88 266 270 174 
106: 62 152 181 148 109 169 61 158 255 265 59 351 73 205 119 264 184 40 124 158 94 238 249 88 26 53 257 333 
107: 7 208 303 15 75 100 310 199 186 297 40 67 244 187 35 167 278 345 307 228 161 177 
108: 90 162 187 315 55 178 38 7 311 79 246 42 307 288 213 346 27 226 75 130 68 114 274 6 
109: 102 114 305 208 299 20 127 274 63 131 331 27 208 101 211 104 60 183 
110: 12 122 140 154 188 168 40 309 108 219 185 114 195 159 10 331 315 19 84 231 25 114 31 16 95 271 
111: 75 89 201 249 7 62 90 187 75 259 250 120 45 25 253 100 263 212 116 62 23 178 
112: 1 123 120 197 115 311 339 68 101 236 131 294 129 13 160 5 61 
113: 7 172 87 199 50 326 253 259 14 124 157 18 23 281 242 318 5 308 231 64 50 266 23 36 266 82 144 118 143 186 183 82 204 
114: 58 243 349 278 178 71 120 39 171 263 70 155 296 70 31 261 
115: 45 351 55 286 117 245 178 149 221 302 153 148 242 196 56 254 
116: 1 217 41 291 321 266 291 111 3 94 339 26 79 248 277 170 248 224 187 22 169 248 275 4 161 
117: 35 134 151 70 109 16 124 21 37 328 354 219 351 101 87 190 146 164 146 245 292 185 
118: 100 252 337 26 100 182 72 232 174 236 203 112 242 335 56 192 226 315 105 101 292 2 41 
119: 1 210 332 197 34 155 41 250 36 36 196 223 250 293 3 119 194 283 
120: 10 21 34 18 137 19 224 111 60 300 22 140 204 59 207 327 262 43 
121: 21 132 13 278 256 324 55 160 222 236 123 301 342 42 349 341 182 37 
122: 111 178 233 282 205 284 292 19 10 6 88 41 288 63 40 224 285 117 28 178 93 240 31 282 175 
123: 54 130 301 76 92 151 220 205 8 323 114 11 279 103 76 323 236 33 106 191 65 117 305 
124: 16 122 24 108 349 220 253 136 296 128 230 344 15 212 59 158 296 21 249 
125: 67 163 291 281 25 88 46 176 119 284 327 270 198 116 213 343 28 340 60 294 120 
126: 107 228 325 108 37 294 292 194 87 245 44 53 266 72 62 323 113 99 199 236 195 116 313 
127: 63 288 44 47 231 184 61 298 310 
128: 48 209 212 75 153 87 110 102 353 236 308 316 190 67 320 82 101 85 196 204 125 156 321 95 199 182 
129: 120 166 167 330 233 50 306 103 98 68 13 189 81 166 86 335 33 74 62 295 79 40 261 90 340 103 141 
130: 50 136 244 215 126 19 336 2 47 77 87 41 227 202 282 220 145 169 224 80 19 301 72 30 167 350 79 
131: 126 216 9 106 242 38 73 60 278 102 51 244 36 129 215 
132: 83 331 111 70 51 112 179 146 75 189 149 303 310 133 9 75 241 
133: 12 201 245 73 282 322 68 44 329 42 126 91 311 128 155 107 159 220 353 135 283 6 77 134 
134: 63 276 350 18 287 114 329 260 332 35 291 3 194 245 106 95 
135: 50 258 290 97 70 56 245 326 6 300 118 141 32 123 34 219 317 345 224 
136: 20 303 130 325 345 87 201 134 350 36 209 98 180 104 240 188 352 202 161 82 81 61 
137: 30 25 44 251 83 15 168 241 61 214 276 249 226 33 44 325 62 300 
138: 89 307 272 35 352 14 29 150 284 189 56 353 333 134 203 280 198 344 
139: 63 289 266 138 292 4 333 10 90 227 14 307 163 70 272 95 
140: 82 292 246 219 213 164 107 54 24 227 332 311 193 69 324 131 333 56 72 332 83 295 166 162 207 8 131 
141: 130 203 229 58 315 123 83 322 100 245 284 348 112 24 305 63 38 252 194 201 271 207 
142: 106 354 5 55 69 333 347 236 99 296 11 153 15 268 77 131 327 
143: 110 164 183 207 33 106 242 133 19 90 210 146 283 350 150 274 158 3 315 32 
144: 91 255 271 70 348 77 204 73 234 261 290 351 63 14 194 79 337 272 
145: 132 7 343 34 337 197 312 15 151 9 304 345 344 336 167 227 59 205 348 70 21 329 
146: 111 36 117 248 291 320 98 347 303 311 4 277 220 265 198 95 259 
147: 83 149 4 259 331 339 99 283 324 279 265 334 245 22 294 116 270 248 261 
148: 67 278 147 219 45 118 104 309 139 14 334 84 181 237 248 
149: 118 194 251 43 78 213 255 95 130 88 14 75 122 5 242 33 139 124 79 168 131 180 5 141 267 186 
150: 9 198 219 3 20 107 6 106 151 244 237 127 141 46 98 34 273 68 306 235 17 292 137 64 118 
151: 66 255 20 26 16 278 32 346 309 103 7 311 146 208 170 339 248 328 
152: 8 161 106 225 342 13 103 78 237 174 
153: 74 322 244 214 17 238 154 133 163 266 237 147 34 274 158 311 164 273 61 39 344 221 261 
154: 86 158 7 83 314 15 31 99 12 18 258 226 32 203 132 194 22 137 310 225 
155: 6 344 106 104 226 119 118 139 228 100 136 22 238 200 281 22 343 168 247 77 213 
156: 86 193 241 264 3 288 232 139 230 202 108 7 292 96 245 263 165 222 284 90 236 176 
157: 12 319 195 262 66 13 90 155 270 306 257 325 348 171 248 336 26 263 90 234 199 278 242 296 31 82 120 192 218 321 284 
158: 59 239 139 34 2 2 280 51 24 149 190 121 28 181 178 315 303 210 168 145 84 141 35 250 
159: 15 232 106 39 266 256 20 12 187 91 37 140 44 236 8 123 4 291 99 296 113 200 259 16 
160: 55 184 190 69 124 182 208 13 340 302 74 289 350 23 165 307 19 96 64 255 30 231 296 5 242 326 131 197 200 252 
161: 132 330 114 140 19 184 124 223 11 214 175 210 82 24 189 155 285 
162: 155 252 249 18 339 5 138 47 254 95 222 210 83 58 228 240 189 266 44 25 309 177 295 
163: 51 295 37 329 245 181 28 19 120 113 343 208 49 84 71 106 99 331 62 95 4 94 
164: 108 5 101 57 192 82 103 101 85 13 323 183 108 177 108 64 222 48 270 5 313 154 
165: 81 282 35 18 306 74 349 194 62 87 208 218 253 75 138 287 99 237 346 276 238 166 148 72 235 200 114 164 125 93 
166: 72 213 328 283 84 288 71 108 31 189 263 8 246 246 
167: 68 207 118 5 6 228 291 245 267 250 177 159 258 206 155 125 77 100 352 235 242 62 
168: 146 316 65 151 56 280 125 296 334 37 1 50 146 252 299 342 289 
169: 63 269 78 6 193 134 215 82 100 65 321 55 104 315 6 48 234 39 330 292 324 22 283 
170: 100 213 202 130 311 39 259 44 307 201 210 127 247 75 337 123 285 347 48 172 165 
171: 113 220 307 285 72 48 91 13 93 4 158 234 114 22 23 289 70 31 69 
172: 32 223 1 109 212 95 190 212 7 339 5 234 192 164 30 266 22 292 145 220 157 142 
173: 16 35 2 329 201 40 332 182 84 69 183 181 65 221 41 290 
174: 19 10 161 189 16 28 332 25 223 85 102 8 343 143 170 192 178 107 
175: 80 172 284 12 71 133 73 225 180 154 291 80 34 131 148 94 
176: 146 211 269 166 271 259 12 263 54 328 173 216 8 99 100 223 318 86 342 22 138 317 58 2 192 328 254 199 229 
177: 79 335 260 259 348 88 291 193 15 74 15 337 171 134 100 270 252 38 343 
178: 144 334 8 314 102 314 194 240 305 311 286 242 55 278 342 154 13 347 
179: 99 346 13 108 32 158 170 144 260 34 94 189 279 134 265 
180: 26 62 71 72 133 173 347 7 100 132 13 38 101 281 31 48 111 
181: 171 8 163 317 43 184 78 169 234 285 65 233 92 233 289 120 
182: 135 248 190 313 244 10 85 4 236 48 231 43 127 105 87 189 199 332 353 246 8 
183: 18 234 107 291 62 68 41 173 233 131 217 101 99 94 204 22 292 246 30 12 242 123 69 
184: 7 196 293 108 149 247 220 334 144 215 69 117 274 104 157 6 172 337 135 199 263 215 342 65 110 36 298 186 
185: 65 281 1 209 26 225 148 8 69 24 33 329 283 273 84 32 222 93 55 314 148 295 33 78 262 319 
186: 31 61 61 92 246 153 287 120 86 339 287 235 100 289 157 314 300 58 123 141 106 
187: 140 219 24 199 30 75 90 331 148 260 284 72 178 158 82 87 54 351 50 
188: 4 44 124 206 266 321 203 43 138 34 3 162 306 107 117 246 18 315 65 117 131 14 
189: 183 19 113 130 181 180 2 281 338 132 253 154 143 88 313 29 50 321 34 
190: 111 342 139 263 3 162 59 98 345 325 299 38 57 173 33 68 128 141 79 119 38 351 160 52 229 293 
191: 115 62 323 173 35 321 205 261 40 84 170 177 151 110 186 127 36 177 207 290 56 233 290 292 132 
192: 105 215 39 155 88 341 331 35 349 79 150 181 22 251 307 183 320 282 229 321 340 
193: 184 312 162 31 262 143 126 71 164 20 40 57 25 20 12 307 139 135 325 157 114 282 198 202 
194: 82 34 180 14 349 236 312 262 344 8 211 284 50 70 21 267 130 29 285 96 5 127 
195: 29 240 179 185 31 113 251 25 123 315 245 60 166 214 110 70 325 250 158 98 238 
196: 182 14 232 54 53 4 312 11 339 227 150 161 72 182 295 164 264 
197: 162 12 203 78 4 117 315 52 303 329 97 134 242 33 231 317 219 47 197 303 
198: 144 206 261 323 1 116 37 290 280 105 125 78 110 280 13 48 260 80 107 84 80 192 252 272 281 159 
199: 136 268 302 90 222 173 326 158 176 211 34 7 62 271 266 298 119 33 180 304 108 33 305 188 82 190 282 
200: 195 283 308 305 290 40 170 313 208 270 242 219 70 291 176 101 314 264 88 24 230 90 95 80 315 63 144 42 
201: 105 227 108 12 20 52 351 275 88 116 35 115 120 88 144 270 255 236 245 281 9 
202: 43 238 118 119 28 225 238 90 15 190 303 82 322 338 251 238 105 21 48 271 253 13 142 165 208 40 
203: 42 313 102 72 143 316 66 283 4 77 330 138 212 313 241 262 319 2 97 44 65 247 98 35 115 
204: 34 16 90 310 6 191 113 12 144 107 110 289 115 48 8 239 286 265 285 16 
205: 98 249 250 315 215 282 118 186 12 156 55 317 39 343 228 3 279 143 16 242 39 79 
206: 137 265 106 130 310 96 180 27 68 236 165 40 66 58 
207: 82 105 306 124 306 62 245 133 313 103 225 346 3 36 63 138 41 103 163 259 112 133 
208: 170 232 140 219 304 142 166 182 150 341 316 137 265 274 168 215 
209: 178 10 28 151 300 32 222 320 220 337 216 42 237 252 227 195 121 108 245 113 150 179 216 293 341 93 43 293 70 
210: 174 10 68 262 270 330 70 67 52 171 243 289 102 272 182 158 70 177 134 7 
211: 206 230 2 290 256 179 278 68 213 44 138 327 199 317 28 320 331 198 264 206 171 
212: 75 122 192 106 42 236 141 142 9 2 27 233 48 194 295 221 23 324 350 298 148 296 342 4 209 335 192 282 85 
213: 83 256 349 129 221 228 2 27 191 160 167 131 195 156 351 323 81 196 35 85 303 18 
214: 95 256 230 163 123 199 263 220 169 331 151 175 193 120 280 74 113 344 7 251 158 97 209 132 4 233 
215: 48 324 279 46 10 72 351 131 329 102 317 161 324 83 
216: 58 7 55 61 160 50 177 99 329 56 197 323 13 174 226 59 42 
217: 132 301 325 98 240 204 179 89 246 242 155 60 320 307 259 
218: 88 179 5 155 148 292 23 127 80 36 312 286 252 13 70 227 
219: 154 174 302 245 184 88 15 324 191 265 343 175 61 137 226 60 250 
220: 134 200 250 7 176 291 95 165 150 121 182 306 283 332 7 156 125 334 122 275 308 
221: 73 309 14 213 77 131 270 36 296 92 301 311 349 25 25 340 31 104 247 123 162 53 28 
222: 208 257 320 348 136 38 242 209 333 270 239 5 238 252 341 57 221 159 118 281 80 80 185 45 44 
223: 88 306 41 223 185 324 179 331 7 174 19 149 299 104 119 255 341 210 167 330 195 113 
224: 219 239 101 151 238 151 236 224 213 155 168 66 70 131 109 91 228 186 278 340 80 96 38 
225: 95 5 297 217 303 55 124 139 190 169 286 2 2 35 74 270 84 323 306 52 126 82 206 171 306 183 129 
226: 194 317 263 21 4 309 163 257 336 156 47 260 165 45 151 134 104 73 337 284 56 256 
227: 186 63 10 5 288 28 111 4 114 255 223 197 195 196 123 58 31 73 274 295 
228: 174 290 295 108 70 266 183 12 334 21 17 42 9 63 220 9 191 80 98 270 255 149 30 266 
229: 83 274 194 326 267 265 193 80 191 61 203 296 59 293 60 224 221 20 
230: 101 191 78 204 252 282 32 163 34 226 26 129 4 102 207 118 155 97 171 
231: 65 36 347 196 228 14 138 31 6 145 337 312 52 236 257 256 
232: 202 23 226 312 275 72 214 262 146 67 285 228 87 3 224 216 140 51 349 118 329 
233: 222 99 48 106 155 258 144 333 257 280 268 200 146 228 18 131 262 275 
234: 110 327 42 43 271 56 216 3 91 34 44 353 191 267 84 9 22 82 4 
235: 4 350 157 236 84 135 147 296 199 286 346 111 140 228 35 131 328 30 203 84 210 278 143 277 195 74 302 151 50 
236: 192 63 44 133 342 201 99 142 247 124 71 23 84 146 103 308 26 354 17 91 76 32 7 201 
237: 21 18 143 194 238 170 107 2 273 103 78 211 168 19 103 122 102 194 332 196 345 111 104 188 159 35 
238: 202 349 303 151 248 249 162 194 24 102 211 133 170 195 246 73 116 296 331 174 339 188 316 30 229 69 315 22 
239: 21 51 107 39 241 324 160 271 18 96 68 72 329 293 241 302 108 17 262 132 254 
240: 163 300 22 243 40 250 95 347 65 2 119 286 80 289 333 81 150 23 351 130 141 83 29 65 249 
241: 233 17 248 73 7 165 351 32 23 322 8 297 75 290 299 91 318 17 199 104 55 103 99 250 348 245 148 228 182 21 
242: 65 165 87 205 230 119 126 48 7 158 65 236 164 
243: 63 287 52 146 39 313 87 88 70 333 157 238 303 84 349 19 131 273 342 144 229 
244: 239 253 319 22 109 9 279 228 341 156 264 343 69 34 101 7 3 181 151 66 18 113 331 315 210 176 263 16 69 230 200 
245: 22 23 70 248 303 85 127 38 23 286 102 226 191 54 273 5 339 70 27 48 107 269 
246: 174 347 92 167 292 55 282 65 107 226 76 306 199 152 92 88 50 319 179 346 292 84 
247: 29 297 14 62 342 195 241 32 299 8 181 90 45 280 
248: 43 106 151 346 346 298 170 70 162 81 77 6 316 105 354 36 195 79 306 138 313 
249: 218 241 203 97 200 3 320 24 276 350 349 186 79 147 54 314 27 271 106 97 168 
250: 62 271 28 31 123 10 4 181 4 348 314 156 340 166 143 25 8 242 43 159 214 282 25 189 192 
251: 245 36 230 321 320 340 125 33 91 304 134 354 164 90 312 23 344 165 30 203 98 312 70 335 
252: 68 269 110 57 341 251 11 154 223 33 12 10 239 352 24 60 110 45 105 82 
253: 226 118 139 108 178 245 301 84 252 37 316 52 199 288 233 229 16 
254: 229 50 108 349 204 9 206 65 107 354 349 213 84 262 170 297 90 17 342 
255: 60 310 71 248 13 343 73 101 341 207 340 17 24 61 235 311 2 137 265 214 40 241 
256: 249 17 88 90 342 159 146 143 349 158 179 15 131 237 18 134 270 245 191 2 261 
257: 203 336 70 209 83 29 111 263 59 128 90 275 102 291 242 16 
258: 16 47 349 338 153 138 45 329 2 259 2 89 281 238 225 107 193 30 279 
259: 13 241 98 146 345 241 232 340 194 335 347 223 312 60 156 266 193 305 273 237 131 137 
260: 1 314 251 143 30 22 262 15 176 205 229 326 95 62 90 311 
261: 202 208 36 102 63 48 133 322 24 159 146 303 34 151 138 277 245 28 84 49 135 51 306 238 71 
262: 188 204 69 79 286 320 330 95 20 260 256 104 311 148 75 6 350 91 69 223 54 4 68 27 
263: 21 130 77 13 312 330 205 18 16 72 9 192 97 301 80 
264: 82 295 238 90 240 5 35 181 43 216 162 118 199 200 191 173 20 19 345 45 325 312 301 309 285 92 161 314 
265: 203 273 352 289 130 81 91 114 305 5 131 22 350 187 175 8 310 224 245 2 
266: 248 338 115 261 222 32 184 55 318 32 202 242 340 348 112 176 154 204 317 73 118 137 250 276 
267: 213 129 310 225 318 337 334 214 342 61 226 331 250 50 77 304 239 134 348 351 170 
268: 151 26 13 104 65 248 288 334 105 272 103 213 221 267 
269: 205 291 174 229 33 99 33 9 42 3 70 200 352 43 274 142 288 323 
270: 141 13 9 23 65 55 315 265 249 177 38 189 244 296 171 265 272 178 262 
271: 207 341 124 129 14 42 9 18 82 88 313 229 238 155 148 354 122 267 342 263 6 57 
272: 121 55 158 72 42 88 72 9 6 170 336 84 197 188 281 113 281 218 250 323 80 166 
273: 69 115 99 315 257 262 283 221 267 24 130 238 177 332 61 328 169 154 
274: 93 81 92 283 65 191 9 108 339 285 108 120 52 16 2 154 340 272 184 64 216 223 230 
275: 194 300 29 209 138 228 196 197 261 149 236 326 278 317 238 57 210 225 198 
276: 248 298 6 234 3 200 146 117 106 102 43 112 336 296 281 59 136 287 
277: 247 111 345 9 3 41 52 99 332 219 314 27 350 228 204 97 51 278 168 22 54 187 319 
278: 250 40 69 168 53 328 144 19 39 164 208 220 326 315 251 12 178 205 205 
279: 21 60 81 56 12 329 281 250 121 270 41 339 237 252 222 322 232 7 20 329 3 346 227 328 82 
280: 193 173 291 236 141 324 194 324 311 59 12 311 236 120 192 13 328 111 7 114 83 33 31 115 194 62 
281: 252 323 340 187 34 212 314 155 265 323 208 63 327 227 99 170 171 12 283 7 65 227 14 352 
282: 255 5 50 253 168 42 233 150 159 208 296 204 127 288 305 177 149 44 213 267 
283: 160 340 33 231 213 33 332 152 227 47 251 50 20 251 63 339 180 61 123 90 215 321 131 72 293 
284: 254 157 73 62 201 323 195 50 36 72 312 144 67 336 276 176 61 3 47 146 119 162 
285: 91 122 302 130 73 343 5 174 2 107 132 169 309 125 107 278 288 
286: 198 255 348 26 77 306 60 82 331 31 150 340 331 29 124 127 229 92 237 
287: 182 70 239 247 353 136 180 109 6 211 168 335 12 194 3 44 81 232 127 42 
288: 99 12 109 103 62 110 71 53 24 257 109 66 233 159 270 108 129 344 306 87 246 
289: 47 131 233 116 203 255 16 306 110 142 169 182 39 12 141 262 262 70 224 315 4 16 155 94 41 329 2 136 
290: 28 9 197 88 338 350 4 111 286 338 19 219 131 141 29 114 266 231 22 272 
291: 75 67 39 109 191 115 333 131 13 149 68 24 187 103 12 35 231 78 77 339 181 282 80 94 166 
292: 72 302 47 105 158 203 108 60 89 310 70 237 232 6 240 105 323 45 
293: 221 153 309 278 245 24 98 125 16 115 270 55 13 313 82 274 199 97 
294: 61 294 16 93 98 13 297 329 37 25 101 350 251 106 157 236 
295: 65 126 329 179 69 251 282 117 136 253 337 311 236 83 273 225 308 220 61 257 61 43 7 348 210 50 40 
296: 175 139 241 126 246 204 348 151 27 54 158 224 154 216 144 26 157 341 226 245 
297: 169 347 45 203 309 95 169 72 69 94 324 50 347 321 238 
298: 43 277 176 316 100 292 80 123 82 225 52 144 4 
299: 14 332 3 297 56 93 134 238 133 205 178 204 199 215 94 94 28 181 25 
300: 187 330 191 266 176 27 195 350 78 339 121 223 158 336 254 100 344 55 240 286 260 140 34 319 6 182 348 289 113 299 
301: 46 48 56 192 157 58 294 306 124 20 287 33 56 78 11 348 312 
302: 102 268 130 150 145 161 155 28 146 262 233 34 200 349 149 59 59 94 
303: 5 66 165 204 185 220 83 302 35 190 312 166 58 118 19 293 169 
304: 170 156 84 115 213 67 349 236 54 9 271 137 267 79 176 87 183 206 267 21 259 
305: 127 10 41 33 119 261 260 68 52 18 299 342 202 151 246 191 213 262 11 191 310 109 288 53 
306: 73 123 143 36 73 55 287 353 235 157 48 224 168 210 35 167 55 288 91 94 158 207 186 33 313 
307: 162 342 59 202 44 86 278 27 64 347 154 324 271 269 288 202 345 283 70 333 80 
308: 36 339 206 29 229 11 21 117 2 57 239 7 90 190 130 250 72 160 79 260 13 141 
309: 200 172 107 129 260 280 265 201 153 346 336 318 105 238 76 66 40 165 207 161 186 73 213 275 328 
310: 189 106 2 170 133 192 309 9 127 106 278 217 170 247 41 225 13 49 347 9 103 
311: 121 273 180 170 339 286 83 18 49 189 166 166 306 13 176 335 159 37 42 333 220 68 141 43 257 26 51 36 79 149 
312: 77 343 110 315 191 23 139 63 311 317 345 173 181 74 101 265 176 272 25 34 35 257 70 59 54 
313: 97 285 253 242 237 235 121 148 3 5 311 4 12 325 15 105 54 302 219 92 312 49 292 311 
314: 293 197 39 130 298 291 317 243 189 87 348 241 158 296 108 212 132 91 8 213 9 265 237 223 287 105 11 
315: 21 313 106 33 174 122 262 66 75 38 293 163 100 
316: 180 311 112 44 252 213 135 269 155 4 103 24 103 348 301 218 34 160 294 170 298 245 13 197 251 231 190 210 242 
317: 292 191 5 20 115 338 91 291 16 214 164 257 25 308 
318: 291 302 66 255 23 229 24 299 177 306 7 227 314 353 
319: 32 130 10 37 332 42 215 262 315 133 293 59 320 126 152 142 190 
320: 107 179 68 44 3 37 242 325 270 148 189 251 170 161 122 98 28 308 22 327 38 231 262 340 70 354 
321: 94 334 69 180 208 18 290 180 267 46 131 33 89 50 222 337 166 
322: 14 37 153 316 7 155 54 270 75 352 33 157 31 7 259 5 159 51 208 265 328 99 
323: 170 232 84 238 111 186 17 129 15 311 127 354 186 90 173 37 8 265 2 90 
324: 269 54 167 39 189 114 244 95 70 254 228 29 179 45 65 262 224 260 36 199 205 
325: 279 44 262 332 5 6 9 304 202 48 35 122 289 33 79 16 255 339 
326: 89 57 192 328 231 69 236 205 69 55 299 164 214 66 
327: 90 229 111 218 84 139 242 73 24 204 5 128 171 67 181 257 27 323 251 5 311 137 307 9 
328: 169 90 42 166 99 71 101 312 321 303 158 32 155 235 278 88 80 291 51 324 212 121 235 16 48 339 166 93 317 
329: 155 56 247 193 166 351 325 202 30 218 9 183 214 340 335 117 279 109 51 354 330 334 
330: 129 308 24 60 46 6 147 333 181 229 230 184 13 176 73 40 320 33 151 
331: 3 2 263 44 234 137 144 112 21 35 272 81 241 311 145 25 127 67 349 28 
332: 136 94 51 223 106 111 206 135 44 124 112 98 88 184 347 111 245 
333: 63 77 238 148 272 35 18 259 62 223 209 99 272 350 50 303 265 6 
334: 113 208 324 144 278 167 84 13 4 101 107 241 242 64 141 5 353 189 135 43 262 45 189 22 255 175 131 270 
335: 267 33 252 14 74 190 170 195 17 160 162 223 299 325 149 32 
336: 47 3 139 66 151 195 68 13 217 266 11 200 70 206 40 227 326 171 212 188 282 
337: 248 238 250 38 100 108 335 259 263 160 194 230 238 26 92 242 350 145 
338: 327 209 81 155 9 199 249 291 278 136 352 148 65 138 317 73 191 218 84 153 204 273 
339: 194 8 306 181 223 320 265 284 253 223 2 341 214 145 36 224 116 334 7 23 74 59 129 
340: 224 281 34 63 84 338 41 158 55 351 118 331 64 131 102 
341: 337 123 99 25 122 34 310 71 15 331 92 248 31 136 242 250 190 245 210 23 351 282 
342: 114 87 210 292 33 41 313 208 101 17 114 36 258 68 154 89 303 250 167 
343: 295 299 95 98 77 91 61 19 151 16 43 202 46 101 233 205 300 257 202 142 114 143 279 
344: 27 269 266 324 2 171 76 262 100 6 130 43 18 10 179 300 185 101 155 329 262 
345: 12 245 172 255 353 208 102 167 7 55 308 96 48 4 323 34 120 162 321 151 286 160 51 
346: 32 16 99 88 33 312 226 139 154 232 83 104 288 166 298 143 57 110 4 
347: 258 33 344 29 69 290 6 282 117 234 322 114 51 347 179 147 129 160 332 296 129 274 310 317 181 10 222 
348: 110 285 132 103 40 2 184 178 350 219 168 173 137 288 171 33 336 75 42 3 343 95 127 65 70 42 23 50 124 312 252 103 224 
349: 85 184 219 190 58 347 24 121 35 36 272 339 82 154 92 283 205 115 5 11 39 200 109 8 
350: 298 244 34 94 80 71 280 74 2 280 61 304 119 106 114 227 157 25 257 
351: 195 138 277 340 77 319 159 169 235 354 192 168 318 71 222 289 3 196 278 
352: 100 44 346 22 236 212 70 313 276 201 3 72 253 266 246 126 25 12 263 51 204 215 62 192 228 
353: 44 61 270 170 34 21 173 275 123 160 244 119 73 210 12 245 98 95 336 31 
354: 155 192 270 7 12 192 8 38 226 23 105 338 76 69 258 36 103 129 64 138 148 192 318 84 