0: 
1: 2 84 58 27 310 307 
2: 3 260 
3: 4 191 161 99 267 
4: 5 158 31 209 172 107 
5: 6 168 
6: 7 134 
7: 8 305 104 159 197 254 
8: 9 164 307 200 
9: 10 272 299 154 239 15 298 
10: 11 58 238 
11: 12 289 78 325 
12: 13 69 89 255 
13: 14 13 110 
14: 15 91 346 69 181 56 218 
15: 16 262 197 153 270 
16: 17 254 124 
17: 18 55 287 174 
18: 19 74 164 331 28 111 185 68 134 36 270 
19: 20 256 221 331 123 259 
20: 21 256 71 283 44 267 257 
21: 22 276 240 238 112 
22: 23 46 235 171 261 245 
23: 24 108 326 252 142 80 211 
24: 25 35 245 44 287 
25: 26 29 131 250 278 37 338 
26: 27 167 148 322 299 
27: 28 84 242 295 143 155 
28: 29 242 160 239 
29: 30 185 224 100 
30: 31 67 179 119 172 128 
31: 32 220 290 217 30 331 
32: 33 175 94 248 70 
33: 34 157 265 325 323 235 
34: 35 127 229 12 224 66 41 
35: 36 238 178 203 307 
36: 37 342 318 166 325 
37: 38 198 190 43 38 312 
38: 39 260 282 159 
39: 40 32 160 86 253 25 
40: 41 252 14 91 19 102 
41: 42 316 
42: 43 162 258 
43: 44 136 122 67 333 203 
44: 45 341 128 271 244 125 131 
45: 46 70 196 
46: 47 166 
47: 48 
48: 49 135 299 217 
49: 50 215 345 117 166 334 
50: 51 290 
51: 52 132 161 
52: 53 331 87 56 45 
53: 54 129 245 211 81 
54: 55 315 85 
55: 56 90 291 123 35 25 
56: 57 54 244 
57: 58 339 303 74 178 313 
58: 59 102 84 195 11 
59: 60 180 269 259 
60: 61 47 40 198 
61: 62 320 122 
62: 63 290 10 274 277 280 175 71 
63: 64 296 
64: 65 180 
65: 66 302 230 29 
66: 67 240 66 336 
67: 68 263 344 
68: 69 34 110 262 191 
69: 70 329 63 318 
70: 71 334 16 
71: 72 18 271 
72: 73 130 6 141 191 233 
73: 74 74 10 293 
74: 75 342 210 339 
75: 76 277 332 33 188 213 
76: 77 32 158 252 261 172 
77: 78 254 258 325 39 
78: 79 215 93 312 
79: 80 74 112 
80: 81 209 
81: 82 111 56 
82: 83 111 258 203 328 182 
83: 84 153 184 250 331 
84: 85 268 95 
85: 86 342 199 
86: 87 272 223 71 
87: 88 33 130 
88: 89 264 181 311 39 94 354 
89: 90 
90: 91 190 70 148 126 
91: 92 21 211 
92: 93 278 150 89 
93: 94 75 326 69 
94: 95 183 
95: 96 288 91 
96: 97 45 263 26 141 118 
97: 98 280 163 110 219 221 
98: 99 158 29 272 259 
99: 100 19 247 
100: 101 315 186 203 279 
101: 102 95 129 174 
102: 103 260 349 1 50 297 
103: 104 129 121 158 77 
104: 105 202 326 331 326 
105: 106 216 350 233 39 
106: 107 248 239 
107: 108 279 
108: 109 286 
109: 110 336 79 
110: 111 72 107 90 39 32 
111: 112 263 276 
112: 113 291 70 293 273 137 195 25 
113: 114 31 210 69 
114: 115 55 155 103 218 171 309 268 
115: 116 26 31 
116: 117 119 209 25 
117: 118 17 199 
118: 119 298 11 288 114 28 163 349 
119: 120 171 84 58 229 
120: 121 168 211 103 353 48 25 
121: 122 343 276 39 
122: 123 70 292 
123: 124 71 17 106 209 257 332 20 
124: 125 265 205 190 117 92 
125: 126 98 
126: 127 105 350 182 47 104 
127: 128 117 353 34 6 241 
128: 129 161 273 
129: 130 161 166 108 9 82 299 
130: 131 114 286 215 
131: 132 298 24 23 203 176 129 
132: 133 177 163 139 160 247 
133: 134 81 55 276 177 151 
134: 135 341 208 78 183 325 
135: 136 205 282 
136: 137 1 293 
137: 138 311 140 212 
138: 139 327 165 29 94 
139: 140 92 79 227 227 308 
140: 141 299 233 
141: 142 265 104 
142: 143 200 239 96 33 
143: 144 
144: 145 36 89 
145: 146 59 326 
146: 147 79 304 28 267 127 52 344 
147: 148 312 71 
148: 149 234 126 250 169 304 
149: 150 213 259 200 
150: 151 
151: 152 294 319 93 224 149 
152: 153 80 
153: 154 204 
154: 155 335 125 281 81 
155: 156 214 245 262 
156: 157 50 130 265 206 326 8 
157: 158 233 151 113 7 206 23 260 242 
158: 159 311 46 
159: 160 351 194 
160: 161 200 42 302 212 
161: 162 185 50 86 
162: 163 115 65 232 
163: 164 352 174 282 294 
164: 165 72 320 23 
165: 166 221 319 64 
166: 167 201 16 293 
167: 168 335 334 152 288 86 25 332 183 298 
168: 169 185 81 182 26 
169: 170 112 93 121 
170: 171 209 80 290 353 
171: 172 158 236 34 14 
172: 173 61 
173: 174 270 330 69 98 200 
174: 175 46 174 
175: 176 40 271 315 
176: 177 238 310 259 
177: 178 234 222 178 254 71 314 
178: 179 
179: 180 198 29 52 21 288 107 
180: 181 188 7 46 57 
181: 182 221 149 1 213 
182: 183 4 198 324 20 
183: 184 43 61 325 17 61 19 
184: 185 273 30 85 
185: 186 91 82 
186: 187 98 212 79 42 142 112 
187: 188 270 118 
188: 189 124 208 148 
189: 190 154 80 219 159 122 
190: 191 
191: 192 104 
192: 193 89 169 330 
193: 194 87 188 161 319 92 263 223 212 85 
194: 195 216 279 131 335 
195: 196 297 274 306 115 
196: 197 296 353 
197: 198 295 350 4 262 302 
198: 199 42 330 
199: 200 151 165 
200: 201 162 311 
201: 202 270 63 327 318 
202: 203 313 63 
203: 204 252 116 174 240 21 
204: 205 187 340 9 
205: 206 107 352 72 161 
206: 207 63 112 29 237 218 
207: 208 321 
208: 209 289 134 
209: 210 3 186 65 253 132 232 
210: 211 46 223 118 201 176 10 
211: 212 263 211 274 294 
212: 213 14 242 269 
213: 214 248 285 309 78 206 21 17 
214: 215 226 349 
215: 216 179 
216: 217 142 105 296 
217: 218 162 220 41 
218: 219 217 171 136 
219: 220 222 250 78 23 93 100 220 63 145 
220: 221 127 131 38 189 76 281 
221: 222 228 130 143 198 
222: 223 146 164 318 
223: 224 13 180 43 308 
224: 225 86 47 23 
225: 226 154 
226: 227 121 13 193 51 218 
227: 228 161 123 141 147 
228: 229 84 308 
229: 230 70 295 
230: 231 43 237 281 219 207 323 
231: 232 233 103 230 282 
232: 233 295 278 209 
233: 234 156 53 163 290 
234: 235 64 85 348 292 4 
235: 236 113 297 
236: 237 206 266 250 
237: 238 4 63 169 
238: 239 280 228 240 99 56 316 
239: 240 143 112 298 244 102 278 302 81 
240: 241 266 122 146 157 259 
241: 242 280 
242: 243 344 328 275 12 202 43 131 
243: 244 71 181 
244: 245 160 205 345 11 99 
245: 246 215 202 147 91 
246: 247 352 151 
247: 248 271 286 116 36 185 
248: 249 47 205 177 316 
249: 250 292 52 72 334 260 151 
250: 251 119 
251: 252 137 271 15 
252: 253 37 268 309 119 138 273 138 257 157 
253: 254 338 218 
254: 255 138 276 120 
255: 256 285 284 127 
256: 257 302 178 42 
257: 258 314 152 55 247 
258: 259 348 321 162 118 55 
259: 260 53 
260: 261 109 85 307 
261: 262 31 12 75 55 
262: 263 42 59 243 
263: 264 10 37 134 231 
264: 265 115 85 
265: 266 14 
266: 267 176 43 
267: 268 
268: 269 67 276 142 
269: 270 98 
270: 271 117 314 20 346 106 
271: 272 300 204 325 
272: 273 167 90 140 61 
273: 274 140 54 
274: 275 346 
275: 276 95 138 126 
276: 277 328 75 66 325 43 
277: 278 92 114 348 
278: 279 109 
279: 280 134 334 283 127 
280: 281 152 168 336 118 183 
281: 282 255 179 
282: 283 111 1 47 8 294 
283: 284 352 206 233 227 
284: 285 122 222 11 123 250 
285: 286 96 131 298 228 
286: 287 211 291 312 125 
287: 288 162 186 153 
288: 289 23 268 
289: 290 70 30 224 
290: 291 83 173 89 
291: 292 43 172 322 
292: 293 31 249 327 198 40 
293: 294 107 232 139 180 334 
294: 295 108 228 172 21 266 323 16 348 
295: 296 118 312 77 
296: 297 341 225 211 273 111 
297: 298 27 40 
298: 299 258 259 345 
299: 300 194 307 
300: 301 57 310 
301: 302 182 256 221 
302: 303 264 297 
303: 304 299 137 
304: 305 62 302 153 
305: 306 321 103 120 294 294 103 
306: 307 78 341 
307: 308 266 322 
308: 309 342 35 306 
309: 310 30 349 25 
310: 311 151 76 
311: 312 
312: 313 164 64 22 
313: 314 102 334 
314: 315 15 27 311 128 146 
315: 316 248 1 31 
316: 317 
317: 318 19 65 236 26 148 
318: 319 316 90 256 
319: 320 181 242 
320: 321 180 207 30 225 252 179 28 
321: 322 52 235 285 148 
322: 323 72 162 252 
323: 324 4 37 
324: 325 232 309 271 
325: 326 167 331 
326: 327 111 343 61 115 
327: 328 15 176 99 139 19 
328: 329 78 1 
329: 330 150 297 182 
330: 331 159 233 148 44 4 
331: 332 57 318 
332: 333 314 290 140 
333: 334 57 284 142 41 
334: 335 82 255 149 287 22 315 
335: 336 306 12 323 
336: 337 52 95 141 333 293 
337: 338 
338: 339 55 60 
339: 340 193 220 215 
340: 341 186 86 
341: 342 148 238 246 
342: 343 312 40 50 294 163 47 
343: 344 329 81 331 
344: 345 185 333 333 
345: 346 105 
346: 347 324 154 287 39 
347: 348 42 321 38 
348: 349 16 192 54 136 282 
349: 350 231 94 164 44 121 269 
350: 351 188 181 109 
351: 352 40 163 
352: 353 
353: 0 6 323 244 235 
354: 1 112 348 