0: 
1: (2,13) (80,15) (93,11) (47,12) (95,8) (89,12) (44,9) (50,14) (33,14) 
2: (3,12) (65,12) (37,12) (10,12) (9,15) (78,9) (77,8) (83,6) (74,12) (2,9) 
3: (4,10) (58,6) (73,9) (10,7) (49,10) (40,13) (57,16) (15,15) (29,12) (93,14) (69,11) (56,9) 
4: (5,9) (47,11) (76,12) (2,6) (84,13) (40,12) (77,16) 
5: (6,13) (70,12) (33,10) (68,7) (25,7) (57,11) (100,7) (90,15) (52,9) (17,7) (53,12) (84,10) (57,11) 
6: (7,10) (90,7) (64,14) (29,7) (94,5) (56,4) (69,13) (71,4) (92,14) 
7: (8,12) (81,11) (25,7) (47,14) (91,8) (64,12) (41,10) (93,14) (61,10) (71,10) (57,10) (35,13) (48,14) (94,13) 
8: (9,9) (83,8) (59,17) (49,13) (61,11) (84,11) (65,8) (1,13) (66,10) (76,7) (7,6) (3,8) 
9: (10,12) (90,12) (45,10) (64,7) (29,5) (62,11) (17,6) 
10: (11,13) (79,9) (61,13) (89,17) (8,5) 
11: (12,10) (17,11) (82,10) (74,15) (49,8) (23,6) (82,10) 
12: (13,10) (2,9) (75,14) (91,11) (38,12) 
13: (14,9) (90,12) (34,9) (16,11) (49,11) (51,8) (58,9) (99,15) (43,7) (33,14) (58,9) 
14: (15,15) (18,15) (55,10) (27,8) 
15: (16,10) (74,9) (6,8) (14,11) (36,15) (78,12) (72,12) (96,12) (38,6) (47,5) (102,16) 
16: (17,15) (57,11) (51,14) (91,5) (81,9) (68,7) (76,13) (101,12) (97,13) 
17: (18,10) (56,9) (60,12) (39,9) (8,13) (20,11) (22,14) (34,10) (11,14) (88,12) (98,18) 
18: (19,11) (40,10) (98,10) (95,12) (82,6) (20,14) (26,8) (59,10) (74,9) 
19: (20,11) (77,6) (56,11) (82,11) (5,9) (96,15) (31,9) (61,9) (62,11) (83,12) 
20: (21,13) (56,16) (9,11) (61,8) (83,10) (28,12) (53,11) (12,9) 
21: (22,12) (61,15) (6,14) (44,8) (10,11) 
22: (23,12) (78,10) (19,11) (93,10) (94,16) (46,8) (63,14) (12,8) (76,12) (14,9) (93,10) (48,7) 
23: (24,10) (88,8) (86,9) (92,9) (88,8) (74,11) (78,12) (58,12) (84,12) (57,11) (80,9) 
24: (25,8) (73,14) (46,8) (102,10) (40,13) (59,5) (60,14) (6,11) (80,10) 
25: (26,8) (36,7) (56,16) (46,15) (71,14) (44,10) (61,5) (23,7) (17,7) (72,6) (56,16) 
26: (27,6) (49,6) (83,10) (35,8) (79,14) 
27: (28,13) (88,11) (13,13) (36,12) (77,11) (58,5) (8,12) (59,10) (6,12) (59,10) 
28: (29,10) (43,8) (77,10) (47,9) (80,9) (47,9) (43,8) (77,10) (74,12) 
29: (30,17) (102,8) (43,15) (16,16) (26,8) (33,14) (24,6) (12,14) (46,7) (83,9) 
30: (31,12) (10,9) (4,13) (80,6) (47,5) (59,12) (14,12) (15,5) (86,11) (48,12) (47,5) 
31: (32,10) (71,9) (64,10) (29,9) (54,8) (95,13) (26,12) (76,10) (47,4) 
32: (33,10) (89,8) (71,7) (100,14) (59,12) (47,9) (55,12) (78,11) 
33: (34,13) (8,11) (52,13) (5,7) (100,10) (57,11) (49,15) (6,14) (63,11) (85,6) 
34: (35,13) (47,7) (96,8) (80,13) (26,11) (38,12) 
35: (36,11) (5,10) (45,5) (6,10) (3,12) (2,9) (72,12) (26,9) (81,10) (33,8) 
36: (37,15) (53,13) (43,12) (84,12) (26,6) (78,7) (101,12) (68,5) (35,12) (90,14) (44,10) (48,9) 
37: (38,11) (61,9) (51,8) (81,9) (101,6) (9,9) (93,11) (93,11) 
38: (39,10) (15,13) (70,5) (29,9) (74,6) (97,17) 
39: (40,16) (94,12) (69,8) (84,11) (87,12) (18,11) (6,9) (4,6) 
40: (41,14) (44,10) (17,13) (50,11) (46,10) 
41: (42,12) (4,11) (44,5) (8,12) (72,12) (34,10) 
42: (43,14) (91,12) (92,11) (54,12) (95,7) (42,9) (38,12) (66,12) (69,16) (27,11) (22,15) (94,8) (62,12) 
43: (44,14) (55,9) (89,17) (16,7) (46,13) (10,12) (86,12) (51,10) (52,14) (29,16) 
44: (45,6) (13,12) (28,15) (17,11) (68,9) (5,10) 
45: (46,15) (96,10) (64,4) (31,9) (39,11) (41,13) (13,11) 
46: (47,10) (51,12) (98,11) (88,13) (73,8) (73,8) (92,11) (96,19) (39,11) (68,13) (77,11) (88,13) 
47: (48,10) (54,8) 
48: (49,14) (5,14) (62,13) (21,15) (22,5) (82,17) (84,8) (21,15) (81,7) (90,14) (73,12) 
49: (50,16) (96,12) (17,9) (78,11) (86,10) (23,16) (60,16) (90,11) 
50: (51,13) (23,10) (60,9) (12,11) (50,6) (25,13) (79,9) (33,11) 
51: (52,10) (73,14) (44,9) (102,9) (23,9) (22,12) (60,7) (77,8) (35,10) (48,15) (98,12) 
52: (53,9) (74,9) (88,11) (49,6) (84,10) (84,10) (74,9) (35,15) (86,11) (25,10) (8,10) 
53: (54,7) (77,14) (87,11) (35,12) (98,13) (61,9) (5,10) (93,5) (83,11) (4,14) 
54: (55,9) (42,13) (82,12) (82,12) (79,12) (21,9) (84,8) (90,8) (59,13) (28,9) (92,16) (13,5) 
55: (56,9) (42,10) (102,12) (82,9) (62,8) (95,4) 
56: (57,10) (25,5) (33,15) (4,10) (48,11) (30,15) (72,8) (23,12) (35,6) (24,10) (56,14) (15,11) 
57: (58,3) (21,8) (71,4) (86,10) (11,10) (69,16) (61,11) (43,12) (6,10) 
58: (59,12) (61,16) (87,11) (23,14) (10,11) (43,11) (83,9) (15,11) (6,9) (86,9) 
59: (60,11) (44,9) (63,9) (76,10) (73,6) (2,13) (89,8) 
60: (61,6) (51,9) (12,13) (33,9) (48,9) (9,11) (40,3) (18,10) (53,14) (27,9) (9,11) (2,8) (47,10) (66,7) (81,5) 
61: (62,10) (102,13) (32,14) (40,10) (66,6) (54,11) (21,12) (71,9) (35,6) (5,11) (91,6) (6,13) 
62: (63,9) (79,14) (91,11) (94,11) (95,15) (54,10) (84,11) 
63: (64,9) (60,10) (73,15) (84,10) (29,9) (26,15) (2,11) (27,12) (5,12) (18,13) (21,12) 
64: (65,18) (70,11) (78,10) (91,14) (10,6) (67,13) (3,14) (43,11) 
65: (66,13) (52,8) (53,13) (65,9) (56,14) (46,13) (58,7) (8,11) 
66: (67,12) (39,12) (100,13) (88,17) (84,12) (97,10) (13,8) (4,16) (73,11) 
67: (68,12) (85,14) (8,11) (77,16) (85,14) (79,9) (79,9) 
68: (69,11) (83,14) (54,13) (82,10) (9,7) (10,14) (54,13) (36,11) (64,14) 
69: (70,7) (54,11) (60,13) (52,7) (72,8) (30,9) (50,9) (69,7) (78,12) (32,14) 
70: (71,11) (44,10) (34,7) (12,9) (24,7) 
71: (72,9) (22,10) (100,13) (86,11) (25,9) (24,10) (71,10) (60,10) (44,14) (83,13) (35,12) 
72: (73,14) (92,15) (65,7) (35,8) (33,4) (49,12) (61,8) 
73: (74,9) (48,11) (51,8) (67,10) (93,6) (48,11) (20,5) (98,13) (93,6) 
74: (75,11) (65,9) (97,13) (46,3) (48,7) (68,10) (92,14) 
75: (76,8) (59,10) (102,11) (65,9) (40,9) (21,5) (39,16) (91,11) 
76: (77,12) (57,9) (26,7) (11,16) (50,11) (93,7) (96,6) (96,6) (89,10) (97,7) (68,9) (59,11) (18,7) (68,9) (70,10) 
77: (78,13) (48,13) (86,8) (69,12) (97,16) (38,13) 
78: (79,8) (5,15) (41,13) (50,12) (60,5) (15,11) (51,5) (33,10) (61,11) 
79: (80,10) (98,15) (36,14) (26,14) (9,8) (51,10) (55,5) 
80: (81,9) (10,11) (17,5) (69,13) (59,13) (59,13) (74,9) (86,17) (41,8) (18,8) (43,10) (95,12) (86,17) 
81: (82,11) (23,10) (98,13) (4,13) (39,11) (92,10) (45,11) (45,11) (95,13) 
82: (83,12) (41,6) (96,6) (76,10) (67,12) (18,13) 
83: (84,11) (21,15) (31,14) (67,10) (30,12) (27,12) 
84: (85,17) (23,15) (61,3) (41,10) (74,15) (57,11) (85,17) (24,12) (36,9) 
85: (86,12) (52,10) (48,12) (3,11) (1,9) (10,9) (98,7) (65,6) (50,9) (9,11) (1,9) (35,15) 
86: (87,8) (82,11) (11,11) (45,14) (94,8) (77,9) (56,14) (61,8) (39,11) (1,6) (95,12) 
87: (88,9) (43,11) (6,12) (55,8) (46,12) (42,14) 
88: (89,12) (41,16) (40,11) (2,9) (2,9) (46,14) (5,6) (77,10) (23,14) (1,6) 
89: (90,9) (8,9) (95,14) (78,13) (64,10) (2,3) (28,10) (98,12) (75,6) (91,5) (82,9) (3,8) (14,11) 
90: (91,4) (100,10) (9,15) (32,11) (16,11) (49,8) (79,8) (27,8) 
91: (92,8) (23,15) (22,11) (86,5) (62,5) (98,7) (97,8) (13,11) (4,12) 
92: (93,5) (65,10) (95,7) (70,8) (50,9) (22,13) (72,8) (33,7) (95,7) (5,11) (53,13) (5,11) (13,12) (101,8) 
93: (94,11) (87,9) (15,15) (52,13) (54,8) (13,8) (92,14) 
94: (95,9) (13,10) (85,15) (80,8) (4,15) (78,12) (92,6) (62,13) (14,6) (35,12) 
95: (96,12) (19,13) (35,9) (67,8) (15,12) (37,8) (51,10) 
96: (97,7) (51,9) (9,11) (13,11) (34,9) (101,11) (21,9) 
97: (98,9) (16,10) (57,12) (52,8) (16,10) (71,9) (99,13) 
98: (99,8) (95,14) (38,13) (83,7) (16,14) (7,9) (39,12) (18,14) (82,12) (77,4) (13,5) (64,9) (84,10) (34,9) (70,15) 
99: (100,11) (51,7) (48,11) (64,10) (18,6) (17,9) (26,8) (71,11) 
100: (101,12) (76,8) (54,8) (101,12) (29,14) (93,10) (95,12) (44,8) 
101: (0,13) (12,10) (20,7) (75,11) 
102: (1,12) (23,7) (56,9) (76,11) (16,15) (40,16) (7,14) (27,13) (4,8) (83,9) (31,11) 