0: 
1: 2 101 76 56 72 13 86 69 49 24 3 87 38 
2: 3 64 75 47 80 25 63 93 70 21 74 46 60 1 88 
3: 4 61 69 95 13 94 3 80 85 35 15 
4: 5 42 73 93 29 100 53 
5: 6 78 71 37 51 95 68 57 83 64 74 27 
6: 7 47 36 12 41 87 16 46 18 39 28 72 14 45 32 25 6 
7: 8 12 59 87 8 73 69 4 98 5 
8: 9 85 89 50 12 88 11 19 57 1 
9: 10 93 35 45 22 39 37 73 45 5 53 51 
10: 11 68 23 1 80 54 37 58 9 72 94 38 90 
11: 12 80 69 54 20 98 57 62 20 
12: 13 68 3 12 73 29 35 93 25 68 27 17 89 87 20 62 57 
13: 14 10 33 32 94 89 49 72 1 87 101 70 63 63 
14: 15 96 74 14 101 60 24 65 1 
15: 16 74 18 90 47 21 76 49 
16: 17 82 24 56 67 67 98 
17: 18 11 46 22 100 46 36 53 51 
18: 19 101 4 35 1 70 11 89 93 11 43 69 2 
19: 20 43 75 8 83 44 82 26 17 76 80 11 
20: 21 92 99 46 95 12 47 
21: 22 8 86 75 90 23 68 4 49 
22: 23 87 32 94 18 80 83 50 57 26 35 74 
23: 24 84 2 9 26 16 28 63 4 73 32 22 3 9 
24: 25 8 57 68 53 60 87 93 31 83 67 57 10 6 37 32 98 83 
25: 26 66 39 100 63 1 22 60 15 74 8 25 90 
26: 27 97 44 53 54 81 
27: 28 37 38 72 76 48 16 34 52 84 31 42 90 43 54 44 
28: 29 37 88 95 78 8 28 38 2 2 48 98 66 
29: 30 55 20 61 71 22 55 72 35 16 
30: 31 35 62 13 42 55 76 94 64 4 3 56 16 
31: 32 93 70 12 74 12 81 
32: 33 7 81 26 73 17 37 18 65 17 43 24 
33: 34 73 38 37 40 55 64 9 76 86 18 69 59 55 
34: 35 51 100 56 2 61 83 73 82 94 52 67 14 53 
35: 36 47 79 19 52 84 53 95 19 98 23 
36: 37 26 97 3 11 71 50 46 26 8 58 54 98 70 57 62 29 2 
37: 38 47 95 24 73 22 43 62 20 85 
38: 39 89 91 40 22 83 77 84 85 81 13 64 80 93 
39: 40 63 11 91 31 44 
40: 41 54 71 50 8 89 53 73 80 25 27 14 51 
41: 42 13 65 99 5 88 
42: 43 20 14 89 67 96 96 98 27 88 79 82 38 
43: 44 75 84 19 73 101 48 74 5 73 75 55 86 65 29 4 
44: 45 11 50 84 100 54 51 14 32 21 29 
45: 46 78 34 70 27 59 49 73 50 45 80 73 
46: 47 84 85 58 53 26 
47: 48 83 92 96 4 7 94 90 82 81 23 4 46 28 28 
48: 49 11 9 6 45 9 33 57 98 33 93 
49: 50 73 64 72 3 34 70 
50: 51 5 41 70 1 1 77 65 86 15 92 59 
51: 52 60 7 53 70 49 9 9 10 48 89 
52: 53 80 6 69 48 93 20 29 
53: 54 8 27 63 96 14 3 68 66 78 22 22 67 10 85 
54: 55 95 56 88 28 18 32 14 20 80 
55: 56 92 27 23 61 3 37 
56: 57 6 29 15 17 53 74 84 30 76 93 
57: 58 9 41 87 101 64 17 80 80 16 98 
58: 59 57 83 12 67 48 27 64 
59: 60 75 61 44 12 69 6 26 24 74 23 19 
60: 61 69 18 13 32 82 82 94 5 52 18 63 78 
61: 62 66 67 94 60 48 56 
62: 63 81 57 39 10 68 29 35 50 47 6 67 
63: 64 26 87 27 64 34 1 72 75 90 6 
64: 65 77 48 82 5 45 88 98 46 4 45 
65: 66 24 41 19 37 19 58 94 50 69 
66: 67 25 57 24 1 37 92 48 58 97 
67: 68 10 65 17 36 91 84 13 78 1 94 62 
68: 69 6 52 19 88 12 22 
69: 70 93 6 15 77 74 60 7 51 38 22 56 60 22 33 
70: 71 37 20 65 47 
71: 72 26 3 18 100 89 74 17 29 24 82 56 56 7 
72: 73 68 44 99 33 4 100 32 99 
73: 74 43 93 1 39 101 94 2 70 30 5 
74: 75 10 75 21 11 6 47 12 88 48 76 6 65 55 34 
75: 76 9 99 88 73 80 12 
76: 77 15 4 71 39 28 21 64 74 38 29 13 20 13 
77: 78 16 63 63 49 63 96 33 86 84 9 40 99 19 
78: 79 42 88 49 58 10 31 27 31 98 40 
79: 80 14 83 93 35 62 23 74 31 51 
80: 81 55 74 24 29 12 79 56 76 
81: 82 92 62 48 86 21 35 65 31 
82: 83 69 65 42 26 96 77 2 99 14 48 84 14 7 45 
83: 84 100 9 5 18 86 55 8 75 65 95 43 
84: 85 30 46 17 71 67 13 87 49 80 33 37 15 22 29 55 101 48 
85: 86 100 10 101 86 89 6 90 67 32 
86: 87 101 48 78 34 41 87 9 88 31 86 
87: 88 85 60 67 82 65 40 27 4 34 88 99 70 36 69 
88: 89 54 36 52 32 94 97 83 29 34 95 72 93 
89: 90 81 80 3 12 63 81 63 86 83 46 43 60 56 
90: 91 66 86 96 68 100 35 90 42 35 46 43 14 
91: 92 8 16 66 83 60 39 17 80 68 56 
92: 93 73 19 65 68 40 38 96 32 35 9 13 10 49 54 33 
93: 94 9 59 31 69 76 64 86 
94: 95 66 42 10 22 61 45 59 63 
95: 96 98 10 68 30 88 101 64 59 30 1 90 51 29 
96: 97 14 84 12 78 12 59 55 35 79 38 77 43 46 
97: 98 90 89 28 66 41 
98: 99 59 45 72 29 37 19 13 18 99 
99: 100 8 62 54 90 60 90 97 83 54 62 24 18 65 36 
100: 0 26 67 98 91 65 42 93 52 48 41 23 26 20 34 89 47 
101: 1 57 55 83 52 3 94 