1: 279 302 278 283 
2: 231 225 86 2 
3: 81 216 73 
4: 292 306 57 4 
5: 301 315 118 227 
6: 318 354 338 316 
7: 276 144 63 
8: 44 178 187 
9: 349 270 73 
10: 297 219 10 
11: 11 186 184 
12: 143 172 9 
13: 171 223 210 
14: 257 48 239 
15: 89 199 353 330 
16: 201 142 182 
17: 231 8 135 
18: 4 52 97 240 
19: 104 348 143 127 
20: 243 209 308 
21: 83 266 202 
22: 8 113 33 
23: 249 165 327 19 
24: 120 202 161 69 
25: 158 62 20 287 
26: 143 126 324 
27: 14 164 282 144 
28: 213 104 287 29 
29: 234 307 45 29 
30: 11 250 328 
31: 236 229 168 
32: 179 277 87 
33: 2 302 308 27 
34: 269 302 276 
35: 29 112 52 127 
36: 311 127 40 
37: 207 319 60 
38: 209 296 208 348 
39: 316 73 178 341 
40: 354 305 10 166 
41: 169 269 200 
42: 110 198 212 353 
43: 32 11 75 
44: 275 152 255 
45: 182 104 90 101 
46: 154 288 111 134 
47: 182 63 20 
48: 195 337 
49: 165 56 209 257 
50: 134 208 41 
51: 331 63 85 
52: 311 330 94 55 
53: 51 159 195 
54: 234 348 52 304 
55: 77 66 130 100 
56: 140 288 244 353 
57: 249 106 201 
58: 192 122 330 94 
59: 56 205 93 209 
60: 229 138 45 4 
61: 275 240 337 292 
62: 275 40 164 353 
63: 140 222 98 
64: 229 44 306 
65: 350 71 338 62 
66: 328 11 308 45 
67: 99 67 61 116 
68: 265 224 71 305 
69: 88 101 3 56 
70: 131 188 21 
71: 234 171 74 
72: 240 147 215 
73: 257 250 337 56 
74: 57 305 75 
75: 11 301 41 
76: 343 139 86 67 
77: 146 172 200 
78: 3 76 290 
79: 87 135 246 
80: 257 11 83 80 
81: 128 219 25 
82: 264 321 338 
83: 183 319 169 
84: 288 352 68 86 
85: 131 80 127 252 
86: 170 202 337 124 42 
87: 229 274 329 101 
88: 134 16 277 38 
89: 255 155 331 
90: 171 336 200 
91: 249 71 205 305 
92: 219 193 349 
93: 7 67 123 
94: 179 157 279 318 
95: 14 92 126 
96: 174 339 316 224 
97: 108 239 115 
98: 165 230 243 
99: 158 55 102 
100: 91 234 244 292 
101: 108 67 119 127 
102: 167 203 133 65 
103: 276 84 79 4 
104: 317 304 294 
105: 185 48 329 275 
106: 57 216 127 291 
107: 125 215 289 
108: 239 270 174 331 
109: 239 87 281 305 
110: 160 53 17 166 
111: 158 287 124 
112: 206 193 223 
113: 265 314 133 257 
114: 82 220 210 
115: 134 59 126 236 
116: 97 142 85 348 
117: 83 299 306 
118: 136 67 189 
119: 305 252 201 
120: 328 47 285 
121: 225 49 33 
122: 176 149 137 
123: 143 19 321 
124: 75 188 124 100 
125: 294 252 63 85 
126: 8 288 272 
127: 258 239 76 292 
128: 335 23 242 
129: 266 139 214 
130: 8 37 308 65 
131: 258 248 67 
132: 12 44 79 
133: 210 342 303 127 
134: 134 56 124 127 
135: 297 159 10 138 
136: 98 193 21 188 
137: 348 176 243 
138: 134 206 272 278 
139: 182 171 102 
140: 87 71 4 
141: 82 44 349 
142: 77 178 309 163 
143: 237 198 241 
144: 303 119 113 292 
145: 44 40 103 287 
146: 302 243 12 
147: 14 152 218 163 
148: 8 288 103 
149: 264 140 220 59 
150: 352 293 127 
151: 331 70 39 278 
152: 310 56 177 
153: 109 80 210 18 
154: 154 146 92 
155: 332 284 63 
156: 4 106 106 
157: 103 239 246 
158: 264 288 185 
159: 311 97 202 
160: 257 164 209 
161: 280 317 243 115 
162: 105 55 170 
163: 249 28 63 124 
164: 51 186 277 69 
165: 60 220 182 
166: 124 232 266 278 
167: 317 340 167 
168: 237 182 211 
169: 160 228 161 
170: 87 121 308 305 
171: 149 14 76 
172: 330 148 26 328 
173: 152 250 76 138 
174: 177 218 86 
175: 116 188 273 
176: 210 202 93 6 
177: 70 244 175 292 
178: 165 44 90 
179: 51 162 143 103 
180: 258 54 119 
181: 276 181 257 
182: 264 3 9 341 
183: 183 176 200 
184: 4 48 170 
185: 75 240 328 147 
186: 179 252 321 73 
187: 134 92 169 
188: 198 14 195 173 
189: 162 202 88 325 
190: 353 236 340 314 
191: 187 95 83 
192: 268 134 171 
193: 154 101 298 
194: 110 94 313 353 
195: 132 297 330 
196: 76 141 242 339 
197: 229 169 73 
198: 230 209 145 134 
199: 164 152 146 267 
200: 141 223 170 
201: 11 188 335 
202: 309 121 308 
203: 330 252 98 
204: 279 194 76 
205: 278 316 279 127 
206: 1 112 352 
207: 7 39 1 
208: 75 201 25 
209: 10 171 187 100 
210: 257 330 98 
211: 125 140 286 
212: 107 299 329 252 
213: 309 152 207 349 
214: 174 112 74 292 
215: 218 143 150 73 
216: 177 251 266 227 
217: 219 185 127 
218: 3 1 98 
219: 165 21 115 
220: 123 252 202 144 
221: 179 71 115 318 
222: 205 140 290 84 
223: 213 99 335 
224: 179 332 291 52 
225: 197 139 273 
226: 72 103 255 253 
227: 49 336 61 220 
228: 294 48 329 91 
229: 335 258 126 
230: 266 24 112 
231: 201 227 21 
232: 179 49 184 318 
233: 331 282 237 
234: 160 306 128 
235: 12 58 205 
236: 224 315 335 116 
237: 275 16 345 
238: 23 223 200 38 
239: 234 67 106 
240: 133 126 93 315 
241: 191 74 308 
242: 12 171 218 
243: 143 186 337 
244: 179 202 289 29 
245: 328 50 210 
246: 247 101 167 
247: 12 299 124 278 
248: 182 188 44 
249: 11 338 275 
250: 166 228 283 166 
251: 127 65 247 253 
252: 153 252 80 209 
253: 3 158 48 328 
254: 131 289 167 
255: 255 152 308 
256: 284 326 301 84 
257: 335 203 56 29 
258: 331 23 218 85 
259: 80 55 212 
260: 60 125 337 
261: 146 70 341 164 
262: 297 329 167 
263: 183 193 28 
264: 160 223 252 
265: 353 8 160 
266: 127 14 271 353 
267: 342 260 170 88 
268: 328 124 251 
269: 332 328 220 
270: 60 263 253 224 
271: 201 69 45 
272: 10 79 9 
273: 54 239 133 278 
274: 288 354 135 
275: 331 228 124 299 
276: 147 48 114 86 
277: 299 299 161 127 
278: 27 212 79 127 
279: 279 125 146 
280: 77 42 24 
281: 218 330 124 
282: 164 102 161 
283: 185 227 155 69 
284: 233 43 240 19 
285: 278 316 80 
286: 275 158 88 348 
287: 131 299 335 59 
288: 54 288 149 76 
289: 326 85 202 2 
290: 110 202 93 
291: 258 284 337 304 
292: 162 332 76 
293: 44 141 298 
294: 275 99 261 
295: 25 150 130 
296: 35 171 124 
297: 331 223 24 
298: 8 266 76 
299: 219 332 348 124 
300: 348 342 6 346 
301: 127 148 86 
302: 210 288 20 
303: 283 111 143 
304: 71 314 169 300 
305: 149 48 167 300 
306: 210 319 254 23 
307: 264 181 132 
308: 249 235 337 
309: 354 255 203 6 
310: 168 262 116 
311: 44 16 24 80 
312: 12 332 312 
313: 218 346 80 
314: 243 153 221 151 
315: 42 185 29 73 
316: 324 274 127 247 
317: 264 139 137 
318: 225 181 180 2 
319: 264 121 41 
320: 218 239 208 
321: 87 11 246 257 
322: 65 92 182 
323: 254 148 6 209 
324: 187 63 197 
325: 286 11 176 304 
326: 301 164 312 
327: 142 12 133 
328: 87 352 296 138 
329: 279 288 255 
330: 27 141 337 52 
331: 335 268 126 86 
332: 60 101 9 346 
333: 88 237 93 
334: 336 187 327 15 
335: 335 91 76 144 
336: 237 260 250 
337: 265 203 
338: 42 46 161 138 
339: 57 49 287 205 
340: 354 296 50 
341: 105 50 132 144 
342: 224 66 272 103 
343: 243 315 44 
344: 25 327 118 
345: 247 353 336 
346: 35 330 21 103 
347: 351 48 127 331 
348: 110 328 348 292 
349: 328 224 253 300 
350: 219 20 241 209 
351: 30 118 157 
352: 147 193 334 
353: 131 85 276 353 
354: 187 95 322 102 